{
    "name": "Earth",
    "planets": [
        {
            "name": "Dragonworld",
            "mass": 20000,
            "position_x": 19084.015625,
            "position_y": -18220.869140625,
            "velocity_x": 95.06128692626953,
            "velocity_y": 99.5644760131836,
            "required_thrust_to_move": 0,
            "starting_planet": true,
            "respawn": false,
            "start_destroyed": false,
            "min_spawn_delay": 0,
            "max_spawn_delay": 0,
            "planet": {
                "seed": 1830275328,
                "radius": 1200,
                "heightRange": 35,
                "waterHeight": 70,
                "waterDepth": 100,
                "temperature": 50,
                "metalDensity": 50,
                "metalClusters": 0,
                "metalSpotLimit": -1,
                "biomeScale": 50,
                "biome": "earth",
                "symmetryType": "none",
                "symmetricalMetal": false,
                "symmetricalStarts": false,
                "numArmies": 2,
                "landingZonesPerArmy": 0,
                "landingZoneSize": 0
            },
            "source": {
                "brushes": [
                    {
                        "spec": "/pa/terrain/ice/brushes/ice_cliff_05.json",
                        "weight": [
                            1,
                            1,
                            1,
                            1
                        ],
                        "proj": "BP_Bend",
                        "op": "BO_Add",
                        "transform": [
                            0.916335940361023,
                            -0.10320247709751129,
                            0.38688206672668457,
                            471.0751647949219,
                            -0.10320247709751129,
                            0.8726962804794312,
                            0.4772321283817291,
                            581.087158203125,
                            -0.38688206672668457,
                            -0.4772321283817291,
                            0.7890321612358093,
                            960.740966796875
                        ],
                        "scale": [
                            1,
                            1,
                            1
                        ],
                        "rotation": 0,
                        "position": [
                            471.07513427734375,
                            581.087158203125,
                            960.7409057617188
                        ],
                        "height": 1217.6195068359375,
                        "weightHard": false,
                        "weightScale": [
                            1,
                            1,
                            1
                        ],
                        "mirrored": false,
                        "twinId": 0,
                        "flooded": false,
                        "pathable": false,
                        "mergeable": false,
                        "no_features": false
                    },
                    {
                        "spec": "/pa/terrain/ice/brushes/ice_cliff_05.json",
                        "weight": [
                            1,
                            1,
                            1,
                            1
                        ],
                        "proj": "BP_Bend",
                        "op": "BO_Add",
                        "transform": [
                            0.9105328917503357,
                            -0.1006653755903244,
                            0.4009941518306732,
                            488.2625732421875,
                            -0.1006653755903244,
                            0.886734664440155,
                            0.4511852264404297,
                            549.376708984375,
                            -0.4009941518306732,
                            -0.4511852264404297,
                            0.7972675561904907,
                            970.7769775390625
                        ],
                        "scale": [
                            1,
                            1,
                            1
                        ],
                        "rotation": 0,
                        "position": [
                            488.2625427246094,
                            549.376708984375,
                            970.777099609375
                        ],
                        "height": 1217.630126953125,
                        "weightHard": false,
                        "weightScale": [
                            1,
                            1,
                            1
                        ],
                        "mirrored": false,
                        "twinId": 0,
                        "flooded": false,
                        "pathable": false,
                        "mergeable": false,
                        "no_features": false
                    },
                    {
                        "spec": "/pa/terrain/ice/brushes/ice_cliff_05.json",
                        "weight": [
                            1,
                            1,
                            1,
                            1
                        ],
                        "proj": "BP_Bend",
                        "op": "BO_Add",
                        "transform": [
                            0.9153313636779785,
                            -0.10050825029611588,
                            0.3899572193622589,
                            474.8174743652344,
                            -0.10050825029611588,
                            0.8806889057159424,
                            0.46290943026542664,
                            563.6451416015625,
                            -0.3899572193622589,
                            -0.46290943026542664,
                            0.7960202693939209,
                            969.24560546875
                        ],
                        "scale": [
                            1,
                            1,
                            1
                        ],
                        "rotation": 0,
                        "position": [
                            474.81744384765625,
                            563.6450805664062,
                            969.2457275390625
                        ],
                        "height": 1217.6142578125,
                        "weightHard": false,
                        "weightScale": [
                            1,
                            1,
                            1
                        ],
                        "mirrored": false,
                        "twinId": 0,
                        "flooded": false,
                        "pathable": false,
                        "mergeable": false,
                        "no_features": false
                    },
                    {
                        "spec": "/pa/terrain/ice/brushes/ice_cliff_05.json",
                        "weight": [
                            1,
                            1,
                            1,
                            1
                        ],
                        "proj": "BP_Bend",
                        "op": "BO_Add",
                        "transform": [
                            0.9294207096099854,
                            -0.08987805247306824,
                            0.35790929198265076,
                            435.7996826171875,
                            -0.08987805247306824,
                            0.8855462670326233,
                            0.45577380061149597,
                            554.9620971679688,
                            -0.35790929198265076,
                            -0.45577380061149597,
                            0.8149669766426086,
                            992.3250732421875
                        ],
                        "scale": [
                            1,
                            1,
                            1
                        ],
                        "rotation": 0,
                        "position": [
                            435.7997131347656,
                            554.9620971679688,
                            992.3250732421875
                        ],
                        "height": 1217.6260986328125,
                        "weightHard": false,
                        "weightScale": [
                            1,
                            1,
                            1
                        ],
                        "mirrored": false,
                        "twinId": 0,
                        "flooded": false,
                        "pathable": false,
                        "mergeable": false,
                        "no_features": false
                    },
                    {
                        "spec": "/pa/terrain/ice/brushes/ice_cliff_05.json",
                        "weight": [
                            1,
                            1,
                            1,
                            1
                        ],
                        "proj": "BP_Bend",
                        "op": "BO_Add",
                        "transform": [
                            0.933140218257904,
                            -0.08840393275022507,
                            0.3484738767147064,
                            424.3078308105469,
                            -0.08840393275022507,
                            0.8831097483634949,
                            0.46076223254203796,
                            561.0320434570312,
                            -0.3484738767147064,
                            -0.46076223254203796,
                            0.8162499666213989,
                            993.8800659179688
                        ],
                        "scale": [
                            1,
                            1,
                            1
                        ],
                        "rotation": 0,
                        "position": [
                            424.30792236328125,
                            561.0322265625,
                            993.880126953125
                        ],
                        "height": 1217.6173095703125,
                        "weightHard": false,
                        "weightScale": [
                            1,
                            1,
                            1
                        ],
                        "mirrored": false,
                        "twinId": 0,
                        "flooded": false,
                        "pathable": false,
                        "mergeable": false,
                        "no_features": false
                    },
                    {
                        "spec": "/pa/terrain/ice/brushes/ice_cliff_05.json",
                        "weight": [
                            1,
                            1,
                            1,
                            1
                        ],
                        "proj": "BP_Bend",
                        "op": "BO_Add",
                        "transform": [
                            0.9273055195808411,
                            -0.09839285910129547,
                            0.3611416220664978,
                            439.7288818359375,
                            -0.09839285910129547,
                            0.8668240308761597,
                            0.48880964517593384,
                            595.178466796875,
                            -0.3611416220664978,
                            -0.48880964517593384,
                            0.7941296100616455,
                            966.9384765625
                        ],
                        "scale": [
                            1,
                            1,
                            1
                        ],
                        "rotation": 0,
                        "position": [
                            439.7289733886719,
                            595.1785278320312,
                            966.9384765625
                        ],
                        "height": 1217.60791015625,
                        "weightHard": false,
                        "weightScale": [
                            1,
                            1,
                            1
                        ],
                        "mirrored": false,
                        "twinId": 0,
                        "flooded": false,
                        "pathable": false,
                        "mergeable": false,
                        "no_features": false
                    },
                    {
                        "spec": "/pa/terrain/ice/brushes/ice_cliff_05.json",
                        "weight": [
                            1,
                            1,
                            1,
                            1
                        ],
                        "proj": "BP_Bend",
                        "op": "BO_Add",
                        "transform": [
                            0.9212618470191956,
                            -0.1060209572315216,
                            0.3742140531539917,
                            455.6516418457031,
                            -0.1060209572315216,
                            0.8572427034378052,
                            0.5038794279098511,
                            613.5352172851562,
                            -0.3742140531539917,
                            -0.5038794279098511,
                            0.7785046100616455,
                            947.9251708984375
                        ],
                        "scale": [
                            1,
                            1,
                            1
                        ],
                        "rotation": 0,
                        "position": [
                            455.6516418457031,
                            613.53515625,
                            947.9252319335938
                        ],
                        "height": 1217.623046875,
                        "weightHard": false,
                        "weightScale": [
                            1,
                            1,
                            1
                        ],
                        "mirrored": false,
                        "twinId": 0,
                        "flooded": false,
                        "pathable": false,
                        "mergeable": false,
                        "no_features": false
                    },
                    {
                        "spec": "/pa/terrain/ice/brushes/ice_cliff_05.json",
                        "weight": [
                            1,
                            1,
                            1,
                            1
                        ],
                        "proj": "BP_Bend",
                        "op": "BO_Add",
                        "transform": [
                            0.909652590751648,
                            -0.11351918429136276,
                            0.39955663681030273,
                            486.5235595703125,
                            -0.11351918429136276,
                            0.8573660850524902,
                            0.5020326972007751,
                            611.304443359375,
                            -0.39955663681030273,
                            -0.5020326972007751,
                            0.7670186758041382,
                            933.9668579101562
                        ],
                        "scale": [
                            1,
                            1,
                            1
                        ],
                        "rotation": 0,
                        "position": [
                            486.5235900878906,
                            611.304443359375,
                            933.966796875
                        ],
                        "height": 1217.6585693359375,
                        "weightHard": false,
                        "weightScale": [
                            1,
                            1,
                            1
                        ],
                        "mirrored": false,
                        "twinId": 0,
                        "flooded": false,
                        "pathable": false,
                        "mergeable": false,
                        "no_features": false
                    },
                    {
                        "spec": "/pa/terrain/ice/brushes/ice_cliff_05.json",
                        "weight": [
                            1,
                            1,
                            1,
                            1
                        ],
                        "proj": "BP_Bend",
                        "op": "BO_Add",
                        "transform": [
                            0.901598334312439,
                            -0.1123540848493576,
                            0.41772833466529846,
                            508.63385009765625,
                            -0.1123540848493576,
                            0.8717151284217834,
                            0.47695836424827576,
                            580.7534790039062,
                            -0.41772833466529846,
                            -0.47695836424827576,
                            0.7733135223388672,
                            941.60107421875
                        ],
                        "scale": [
                            1,
                            1,
                            1
                        ],
                        "rotation": 0,
                        "position": [
                            508.63385009765625,
                            580.75341796875,
                            941.6011352539062
                        ],
                        "height": 1217.6187744140625,
                        "weightHard": false,
                        "weightScale": [
                            1,
                            1,
                            1
                        ],
                        "mirrored": false,
                        "twinId": 0,
                        "flooded": false,
                        "pathable": false,
                        "mergeable": false,
                        "no_features": false
                    },
                    {
                        "spec": "/pa/terrain/ice/brushes/ice_cliff_05.json",
                        "weight": [
                            1,
                            1,
                            1,
                            1
                        ],
                        "proj": "BP_Bend",
                        "op": "BO_Add",
                        "transform": [
                            0.9015042185783386,
                            -0.10355499386787415,
                            0.42019814252853394,
                            511.6356201171875,
                            -0.10355499386787415,
                            0.8911259174346924,
                            0.44178155064582825,
                            537.9157104492188,
                            -0.42019814252853394,
                            -0.44178155064582825,
                            0.792630136013031,
                            965.1109008789062
                        ],
                        "scale": [
                            1,
                            1,
                            1
                        ],
                        "rotation": 0,
                        "position": [
                            511.6356506347656,
                            537.9157104492188,
                            965.1107788085938
                        ],
                        "height": 1217.6055908203125,
                        "weightHard": false,
                        "weightScale": [
                            1,
                            1,
                            1
                        ],
                        "mirrored": false,
                        "twinId": 0,
                        "flooded": false,
                        "pathable": false,
                        "mergeable": false,
                        "no_features": false
                    },
                    {
                        "spec": "/pa/terrain/ice/brushes/ice_cliff_05.json",
                        "weight": [
                            1,
                            1,
                            1,
                            1
                        ],
                        "proj": "BP_Bend",
                        "op": "BO_Add",
                        "transform": [
                            0.9173024296760559,
                            -0.09072274714708328,
                            0.38771846890449524,
                            472.09564208984375,
                            -0.09072274714708328,
                            0.9004732966423035,
                            0.42534369230270386,
                            517.9090576171875,
                            -0.38771846890449524,
                            -0.42534369230270386,
                            0.8177757263183594,
                            995.7440795898438
                        ],
                        "scale": [
                            1,
                            1,
                            1
                        ],
                        "rotation": 0,
                        "position": [
                            472.0956726074219,
                            517.9090576171875,
                            995.7440185546875
                        ],
                        "height": 1217.6248779296875,
                        "weightHard": false,
                        "weightScale": [
                            1,
                            1,
                            1
                        ],
                        "mirrored": false,
                        "twinId": 0,
                        "flooded": false,
                        "pathable": false,
                        "mergeable": false,
                        "no_features": false
                    },
                    {
                        "spec": "/pa/terrain/ice/brushes/ice_cliff_05.json",
                        "weight": [
                            1,
                            1,
                            1,
                            1
                        ],
                        "proj": "BP_Bend",
                        "op": "BO_Add",
                        "transform": [
                            0.9255952835083008,
                            -0.09114407002925873,
                            0.3673773407936096,
                            447.3209228515625,
                            -0.09114407002925873,
                            0.8883506059646606,
                            0.45002874732017517,
                            547.957763671875,
                            -0.3673773407936096,
                            -0.45002874732017517,
                            0.8139458894729614,
                            991.0655517578125
                        ],
                        "scale": [
                            1,
                            1,
                            1
                        ],
                        "rotation": 0,
                        "position": [
                            447.3210144042969,
                            547.9578857421875,
                            991.0655517578125
                        ],
                        "height": 1217.606201171875,
                        "weightHard": false,
                        "weightScale": [
                            1,
                            1,
                            1
                        ],
                        "mirrored": false,
                        "twinId": 0,
                        "flooded": false,
                        "pathable": false,
                        "mergeable": false,
                        "no_features": false
                    },
                    {
                        "spec": "/pa/terrain/ice/brushes/ice_cliff_05.json",
                        "weight": [
                            1,
                            1,
                            1,
                            1
                        ],
                        "proj": "BP_Bend",
                        "op": "BO_Add",
                        "transform": [
                            0.927415668964386,
                            -0.0959332138299942,
                            0.3615204393863678,
                            440.2063903808594,
                            -0.0959332138299942,
                            0.8732070922851562,
                            0.4778139591217041,
                            581.8115234375,
                            -0.3615204393863678,
                            -0.4778139591217041,
                            0.8006227016448975,
                            974.8804931640625
                        ],
                        "scale": [
                            1,
                            1,
                            1
                        ],
                        "rotation": 0,
                        "position": [
                            440.2064514160156,
                            581.8115844726562,
                            974.8805541992188
                        ],
                        "height": 1217.65283203125,
                        "weightHard": false,
                        "weightScale": [
                            1,
                            1,
                            1
                        ],
                        "mirrored": false,
                        "twinId": 0,
                        "flooded": false,
                        "pathable": false,
                        "mergeable": false,
                        "no_features": false
                    },
                    {
                        "spec": "/pa/terrain/ice/brushes/ice_cliff_05.json",
                        "weight": [
                            1,
                            1,
                            1,
                            1
                        ],
                        "proj": "BP_Bend",
                        "op": "BO_Add",
                        "transform": [
                            0.9205070734024048,
                            -0.10309669375419617,
                            0.376878947019577,
                            458.9002685546875,
                            -0.10309669375419617,
                            0.8662908673286438,
                            0.48878544569015503,
                            595.1613159179688,
                            -0.376878947019577,
                            -0.48878544569015503,
                            0.7867980003356934,
                            958.03125
                        ],
                        "scale": [
                            1,
                            1,
                            1
                        ],
                        "rotation": 0,
                        "position": [
                            458.90032958984375,
                            595.1613159179688,
                            958.0311279296875
                        ],
                        "height": 1217.633056640625,
                        "weightHard": false,
                        "weightScale": [
                            1,
                            1,
                            1
                        ],
                        "mirrored": false,
                        "twinId": 0,
                        "flooded": false,
                        "pathable": false,
                        "mergeable": false,
                        "no_features": false
                    },
                    {
                        "spec": "/pa/terrain/ice/brushes/ice_cliff_05.json",
                        "weight": [
                            1,
                            1,
                            1,
                            1
                        ],
                        "proj": "BP_Bend",
                        "op": "BO_Add",
                        "transform": [
                            0.9134096503257751,
                            -0.10845998674631119,
                            0.39232543110847473,
                            477.7080383300781,
                            -0.10845998674631119,
                            0.8641469478607178,
                            0.4914127588272095,
                            598.3599243164062,
                            -0.39232543110847473,
                            -0.4914127588272095,
                            0.7775565385818481,
                            946.7777709960938
                        ],
                        "scale": [
                            1,
                            1,
                            1
                        ],
                        "rotation": 0,
                        "position": [
                            477.70806884765625,
                            598.3599853515625,
                            946.7777099609375
                        ],
                        "height": 1217.632080078125,
                        "weightHard": false,
                        "weightScale": [
                            1,
                            1,
                            1
                        ],
                        "mirrored": false,
                        "twinId": 0,
                        "flooded": false,
                        "pathable": false,
                        "mergeable": false,
                        "no_features": false
                    },
                    {
                        "spec": "/pa/terrain/ice/brushes/ice_cliff_05.json",
                        "weight": [
                            1,
                            1,
                            1,
                            1
                        ],
                        "proj": "BP_Bend",
                        "op": "BO_Add",
                        "transform": [
                            0.9025887250900269,
                            -0.11317044496536255,
                            0.41536250710487366,
                            505.7611999511719,
                            -0.11317044496536255,
                            0.8685208559036255,
                            0.48255982995033264,
                            587.5831909179688,
                            -0.41536250710487366,
                            -0.48255982995033264,
                            0.7711095809936523,
                            938.932373046875
                        ],
                        "scale": [
                            1,
                            1,
                            1
                        ],
                        "rotation": 0,
                        "position": [
                            505.7611999511719,
                            587.5831909179688,
                            938.932373046875
                        ],
                        "height": 1217.6380615234375,
                        "weightHard": false,
                        "weightScale": [
                            1,
                            1,
                            1
                        ],
                        "mirrored": false,
                        "twinId": 0,
                        "flooded": false,
                        "pathable": false,
                        "mergeable": false,
                        "no_features": false
                    },
                    {
                        "spec": "/pa/terrain/ice/brushes/ice_cliff_05.json",
                        "weight": [
                            1,
                            1,
                            1,
                            1
                        ],
                        "proj": "BP_Bend",
                        "op": "BO_Add",
                        "transform": [
                            0.8994676470756531,
                            -0.10670913010835648,
                            0.42375829815864563,
                            515.9808959960938,
                            -0.10670913010835648,
                            0.8867346048355103,
                            0.4497942328453064,
                            547.6829833984375,
                            -0.42375829815864563,
                            -0.4497942328453064,
                            0.7862021923065186,
                            957.303466796875
                        ],
                        "scale": [
                            1,
                            1,
                            1
                        ],
                        "rotation": 0,
                        "position": [
                            515.98095703125,
                            547.68310546875,
                            957.303466796875
                        ],
                        "height": 1217.630126953125,
                        "weightHard": false,
                        "weightScale": [
                            1,
                            1,
                            1
                        ],
                        "mirrored": false,
                        "twinId": 0,
                        "flooded": false,
                        "pathable": false,
                        "mergeable": false,
                        "no_features": false
                    },
                    {
                        "spec": "/pa/terrain/ice/brushes/ice_cliff_05.json",
                        "weight": [
                            1,
                            1,
                            1,
                            1
                        ],
                        "proj": "BP_Bend",
                        "op": "BO_Add",
                        "transform": [
                            0.9082537889480591,
                            -0.10078731179237366,
                            0.40609973669052124,
                            494.4700927734375,
                            -0.10078731179237366,
                            0.8892806768417358,
                            0.44611862301826477,
                            543.1973876953125,
                            -0.40609973669052124,
                            -0.44611862301826477,
                            0.7975344657897949,
                            971.083984375
                        ],
                        "scale": [
                            1,
                            1,
                            1
                        ],
                        "rotation": 0,
                        "position": [
                            494.47015380859375,
                            543.1974487304688,
                            971.0839233398438
                        ],
                        "height": 1217.6075439453125,
                        "weightHard": false,
                        "weightScale": [
                            1,
                            1,
                            1
                        ],
                        "mirrored": false,
                        "twinId": 0,
                        "flooded": false,
                        "pathable": false,
                        "mergeable": false,
                        "no_features": false
                    },
                    {
                        "spec": "/pa/terrain/ice/brushes/ice_cliff_05.json",
                        "weight": [
                            1,
                            1,
                            1,
                            1
                        ],
                        "proj": "BP_Bend",
                        "op": "BO_Add",
                        "transform": [
                            0.9064831137657166,
                            -0.10498072952032089,
                            0.40898340940475464,
                            497.98828125,
                            -0.10498072952032089,
                            0.8821501135826111,
                            0.4591190218925476,
                            559.0346069335938,
                            -0.40898340940475464,
                            -0.4591190218925476,
                            0.7886332273483276,
                            960.2592163085938
                        ],
                        "scale": [
                            1,
                            1,
                            1
                        ],
                        "rotation": 0,
                        "position": [
                            497.9881591796875,
                            559.0345458984375,
                            960.25927734375
                        ],
                        "height": 1217.6246337890625,
                        "weightHard": false,
                        "weightScale": [
                            1,
                            1,
                            1
                        ],
                        "mirrored": false,
                        "twinId": 0,
                        "flooded": false,
                        "pathable": false,
                        "mergeable": false,
                        "no_features": false
                    },
                    {
                        "spec": "/pa/terrain/ice/brushes/ice_cliff_05.json",
                        "weight": [
                            1,
                            1,
                            1,
                            1
                        ],
                        "proj": "BP_Bend",
                        "op": "BO_Add",
                        "transform": [
                            0.9086455702781677,
                            -0.10660069435834885,
                            0.40373197197914124,
                            491.59576416015625,
                            -0.10660069435834885,
                            0.8756085634231567,
                            0.47111138701438904,
                            573.638916015625,
                            -0.40373197197914124,
                            -0.47111138701438904,
                            0.7842541337013245,
                            954.9306030273438
                        ],
                        "scale": [
                            1,
                            1,
                            1
                        ],
                        "rotation": 0,
                        "position": [
                            491.5957946777344,
                            573.638916015625,
                            954.9306640625
                        ],
                        "height": 1217.6290283203125,
                        "weightHard": false,
                        "weightScale": [
                            1,
                            1,
                            1
                        ],
                        "mirrored": false,
                        "twinId": 0,
                        "flooded": false,
                        "pathable": false,
